1
50 50 20
3 12 14 12 14 8 10 14 3 8 14 2 7 16 4 7 3 5 19 3 1 7 12 19 7 16 10 16 9 8 15 15 10 16 12 5 6 16 13 5 1 10 15 4 5 13 9 3 15 18
11 11 3 2 14 15 9 0 6 17 12 0 3 8 14 6 11 4 5 18 6 0 12 4 13 2 12 17 7 9 1 2 17 9 19 2 10 5 11 4 10 9 8 18 14 18 2 7 17 4
16 10 12 2 6 9 7 10 15 0 2 11 18 5 6 6 0 14 10 5 8 11 19 10 3 17 14 10 17 18 16 4 17 12 13 11 19 7 19 18 6 14 11 4 18 19 14 6 6 6
16 7 18 17 18 13 14 8 4 9 2 13 19 17 16 8 17 19 11 0 12 14 10 6 9 7 11 19 1 17 11 8 15 12 13 10 17 10 8 5 0 7 17 7 10 9 18 17 16 0
13 12 5 3 3 0 11 4 16 15 4 1 14 13 2 6 15 4 6 7 18 12 13 14 9 1 8 15 2 8 19 0 0 19 10 9 15 19 10 4 8 3 19 8 10 2 11 15 7 10
19 3 16 15 8 16 16 2 9 7 2 3 18 14 12 7 11 12 14 11 0 13 7 3 0 8 11 13 17 19 10 1 2 7 13 19 7 16 4 4 11 7 17 1 7 11 3 14 14 16
14 2 0 4 16 15 1 9 6 2 11 2 9 19 14 9 7 9 11 10 0 18 17 3 11 19 9 11 11 7 11 2 3 8 10 11 19 11 12 14 7 6 14 0 15 16 1 15 15 19
6 13 9 10 4 9 13 2 18 18 3 1 16 13 5 1 5 9 15 4 14 14 9 10 13 0 0 16 10 6 19 11 19 0 8 1 15 19 2 13 6 16 4 4 7 1 12 12 12 6
12 9 9 5 2 5 16 16 17 14 4 15 0 17 13 3 12 17 4 14 3 1 6 3 12 17 1 9 8 3 5 15 11 4 17 16 4 3 4 16 9 9 17 7 17 8 3 10 14 18
5 0 11 17 0 6 19 9 0 16 6 14 5 5 0 12 8 8 12 8 12 11 19 15 3 9 3 2 6 8 0 1 14 10 18 10 6 1 19 16 2 4 5 2 16 3 17 9 3 6
17 5 2 2 15 4 16 10 0 18 15 15 1 5 10 8 14 13 19 0 3 0 18 12 4 11 11 19 8 15 16 16 7 11 13 12 16 15 16 7 16 2 5 4 13 15 11 1 5 9
15 16 4 17 15 9 1 4 4 12 18 8 12 9 16 13 16 2 15 5 14 2 4 12 5 12 2 17 9 19 11 9 4 6 15 17 5 19 1 7 15 2 15 15 1 13 10 16 14 19
5 14 15 19 3 4 15 1 16 16 6 4 0 7 1 4 7 11 13 7 13 4 10 16 6 13 5 18 19 19 11 17 16 12 10 17 16 5 7 8 18 11 0 15 13 4 9 12 3 3
18 15 10 1 4 11 6 13 13 8 14 4 6 5 13 2 5 18 10 8 2 12 17 7 3 5 10 8 6 5 19 14 6 9 11 2 18 14 16 6 1 13 3 12 19 11 5 2 0 12
9 18 18 10 6 7 11 9 19 3 10 9 8 15 6 14 3 18 18 3 10 19 12 5 11 0 4 1 17 8 1 11 5 12 8 2 4 18 15 19 13 18 17 18 14 15 16 1 13 15
17 6 6 5 13 2 10 18 5 7 17 4 0 6 0 11 17 11 10 5 18 7 10 14 4 3 3 9 14 14 1 3 19 10 15 9 12 6 9 15 10 1 7 17 3 14 5 9 11 7
19 17 10 2 14 14 8 5 15 3 6 13 11 1 16 10 16 3 13 3 7 5 14 10 3 9 1 14 18 7 3 14 15 3 3 11 9 4 13 2 18 17 8 12 9 14 19 8 12 0
9 17 3 8 10 11 5 15 14 9 7 1 16 12 1 4 9 2 2 11 16 4 10 10 11 17 4 3 12 6 17 14 3 19 19 1 5 17 7 19 7 12 14 0 19 15 13 1 2 11
13 4 5 19 11 9 8 2 17 14 0 15 10 9 15 7 10 15 12 7 19 6 12 3 15 11 14 3 18 6 7 11 1 0 8 2 2 0 16 17 4 14 13 3 4 15 11 15 19 12
13 16 14 7 5 9 16 7 11 17 12 13 1 17 9 5 2 7 8 10 6 18 14 2 14 8 7 5 18 11 10 8 6 13 7 3 17 17 12 19 8 16 5 3 8 7 14 10 6 5
8 10 12 13 6 4 5 9 2 7 15 14 1 7 19 17 12 10 0 17 13 2 9 19 9 7 17 12 16 0 3 10 19 19 18 9 3 3 3 9 1 8 12 6 5 18 3 1 9 7
3 14 17 12 16 9 10 1 12 7 2 6 13 15 8 0 9 6 8 1 0 7 4 17 11 8 15 18 8 19 11 4 0 11 0 0 4 1 2 8 3 7 10 18 5 1 7 19 0 8
11 13 18 16 14 15 14 3 11 3 14 6 4 13 10 3 15 6 1 16 2 16 15 4 17 12 4 16 11 11 6 19 17 13 15 11 2 12 8 17 3 2 9 5 5 2 6 7 16 11
19 19 18 0 8 7 8 4 9 11 14 8 9 3 2 11 11 18 15 19 6 11 8 8 3 1 15 4 8 16 3 17 14 15 7 10 3 7 19 15 10 9 6 18 14 2 15 0 7 3
17 4 6 16 3 6 19 19 9 15 5 0 12 1 7 9 18 10 1 0 15 17 0 7 17 7 18 14 4 7 14 15 18 18 9 1 4 17 17 16 0 11 1 7 2 13 4 18 4 17
10 17 6 17 17 3 9 12 9 11 7 12 19 5 10 3 8 4 15 5 16 6 17 4 3 0 7 4 16 4 4 17 10 14 12 5 9 15 7 0 18 7 8 8 16 8 9 18 16 10
0 14 9 4 0 8 4 12 16 0 15 17 12 4 15 14 15 11 9 6 12 5 12 6 11 6 0 3 18 6 17 0 14 7 1 16 12 7 16 13 8 7 8 19 7 3 15 0 0 12
10 18 0 3 2 12 11 5 17 15 12 8 11 13 19 12 9 2 1 14 1 7 18 15 10 11 0 17 17 11 1 12 6 5 18 5 18 3 5 4 7 9 12 6 5 18 6 6 18 19
2 14 8 13 15 1 19 16 15 6 2 15 18 4 1 18 9 19 19 16 14 3 8 0 16 19 2 7 18 11 8 9 16 6 17 13 18 19 19 6 6 15 3 10 11 8 1 10 8 2
2 17 14 14 3 9 6 0 12 18 17 19 1 3 5 11 9 6 3 9 6 0 5 2 12 13 8 12 14 3 17 1 13 19 13 10 19 3 7 13 10 19 4 0 5 7 16 2 13 15
3 1 12 1 4 16 12 3 11 15 3 8 18 10 18 6 15 13 3 2 4 10 19 7 10 17 12 19 17 3 11 11 1 14 19 3 2 15 5 17 17 13 1 5 18 18 11 4 1 10
11 13 6 3 16 3 3 3 16 13 1 18 4 15 15 14 7 9 5 19 0 9 0 6 4 9 2 2 9 15 13 9 19 9 4 13 18 12 17 5 1 1 7 12 2 3 4 5 2 11
11 14 8 0 15 5 10 5 6 9 17 19 19 16 13 11 6 9 17 13 16 10 12 8 2 18 7 5 12 12 19 13 16 14 4 18 0 9 4 15 10 19 18 13 6 10 6 4 9 16
8 14 10 9 16 9 12 7 2 13 0 9 15 1 3 1 7 6 3 7 3 14 12 2 2 8 14 13 17 17 17 3 10 12 3 12 7 6 9 12 2 18 16 17 18 11 1 11 18 11
11 6 0 5 5 15 13 11 6 10 17 16 12 13 5 12 17 12 4 12 12 9 10 15 6 16 17 6 13 3 13 15 9 10 19 1 19 12 1 12 1 16 7 11 14 18 4 19 10 6
5 10 14 3 15 14 6 3 3 16 14 1 18 16 1 4 13 3 2 4 2 9 10 17 15 10 6 9 6 10 10 12 1 9 12 14 19 0 0 15 15 9 2 6 11 16 17 1 10 2
2 6 3 14 17 17 18 10 11 0 11 5 15 18 14 19 16 16 3 4 17 3 1 2 0 8 2 0 10 19 16 16 12 15 0 10 11 17 6 5 14 19 4 18 17 7 12 10 5 8
14 10 12 3 4 6 8 0 14 3 9 0 1 8 4 7 3 19 1 11 7 0 13 3 13 12 12 2 14 19 18 10 5 6 18 5 7 19 0 2 4 5 11 17 1 11 18 10 15 15
5 11 8 8 7 10 6 6 17 0 17 2 18 5 16 11 12 4 19 6 2 2 11 16 13 0 4 15 3 10 9 4 0 1 10 17 3 16 8 4 2 5 0 15 15 6 13 12 16 10
19 1 8 6 4 13 8 11 9 5 5 2 9 12 16 7 11 14 7 10 10 12 4 7 15 5 17 4 1 15 5 10 6 18 4 0 5 17 19 18 18 3 19 8 14 18 6 9 0 18
1 2 11 17 5 3 0 5 1 7 4 19 1 6 18 13 17 6 16 16 9 2 11 16 9 3 1 2 14 18 15 18 7 16 6 15 15 4 12 0 12 1 4 4 3 2 11 17 19 18
15 12 8 2 5 2 4 0 2 5 2 9 10 9 5 5 9 14 9 11 17 18 3 8 13 11 5 7 3 15 11 19 2 11 6 8 14 9 18 12 13 15 9 10 15 19 14 18 4 0
0 9 17 6 13 0 19 12 3 15 11 10 1 16 9 3 5 9 4 13 15 7 17 3 15 14 18 7 4 13 18 2 8 4 15 16 18 14 12 8 2 16 13 12 4 13 15 9 1 2
4 10 1 4 16 7 5 15 2 13 16 4 6 12 17 5 7 0 0 19 2 12 17 18 14 7 4 6 7 8 8 11 1 3 16 14 4 8 13 18 6 0 11 4 17 12 4 3 8 4
1 17 1 19 5 10 16 15 14 17 16 1 6 18 8 19 7 14 10 10 1 4 9 13 16 16 8 5 19 10 14 6 4 17 16 8 5 6 3 3 0 19 10 11 13 2 4 13 2 3
18 18 19 10 19 7 15 10 1 8 3 15 2 16 11 14 0 12 4 5 3 18 17 7 4 8 3 3 15 14 6 19 18 9 16 10 11 11 10 8 17 18 19 15 12 19 10 18 13 13
3 18 0 19 6 4 5 11 14 7 10 15 16 11 9 2 3 2 1 12 5 11 11 18 9 16 8 1 14 7 15 17 8 8 0 10 16 6 17 6 14 13 16 17 3 12 7 13 4 2
10 5 6 0 12 13 1 16 3 15 4 16 2 14 0 14 17 16 16 10 4 19 15 11 0 13 14 13 3 1 5 13 15 7 3 14 15 18 15 17 12 1 17 15 13 2 6 8 4 3
15 16 0 6 3 11 12 19 12 1 8 10 6 6 17 0 2 10 10 1 6 13 18 17 18 12 17 9 2 2 12 19 2 9 0 12 15 6 12 18 12 14 0 19 17 15 15 19 0 19
4 7 13 15 12 1 5 1 10 5 12 14 6 19 1 8 0 13 17 17 1 6 15 0 16 13 18 8 1 5 3 0 8 14 15 6 0 18 11 7 11 9 9 13 14 7 4 4 12 8
